1.6067593e+024  1.1317960e+029
1.0278507e+025  4.2971108e+028
1.8251814e+025  1.2735138e+029
1.3400680e+025  2.4722984e+028
1.8558069e+024  8.0147679e+027
7.3039581e+023  2.8309917e+027
4.4910884e+024  1.7723427e+028
1.8080172e+025  4.3355395e+028
8.2139164e+025  6.6893575e+029
4.0808155e+025  3.6696006e+029
3.7789668e+025  2.7483395e+029
2.9837447e+025  1.5800489e+029
1.5437597e+025  4.0972111e+028
1.5505558e+025  3.4766700e+028
1.1178865e+025  2.9487906e+028
2.5787496e+024  3.1438777e+027
7.5146169e+026  6.9892082e+029
1.6632076e+027  2.8175944e+030
4.4081184e+026  6.1514974e+029
1.6000000e+027  8.6999999e+029
1.5999999e+026  1.9000000e+030
8.8000001e+026  2.2000000e+029
6.9250000e+022  3.0666617e+026
1.0040000e+022  4.8834307e+025
2.8350000e+022  5.9701741e+025
2.4840000e+022  4.3690944e+025
1.5779999e+022  3.2878817e+024
2.2230000e+022  1.7899460e+025
2.8270000e+022  8.0136933e+025
9.4880002e+021  1.4998714e+025
7.9389995e+021  8.6524661e+024
4.8299997e+021  1.5427328e+025
9.6180000e+021  2.7818411e+025
4.1850001e+022  8.1519555e+025
2.4460000e+022  5.7047097e+025
1.8070000e+022  1.1525560e+026
2.1790000e+022  8.7437189e+025
1.8750001e+022  1.2122854e+026
2.2890000e+022  3.9128282e+025
1.0470000e+022  9.5235196e+024
1.2840000e+022  1.3757117e+025
2.4840000e+022  3.0860185e+025
3.5860000e+022  4.3856858e+025
1.5219999e+022  6.4845101e+025
1.4109999e+022  1.5521345e+025
1.2830001e+022  1.2042662e+025
1.1810000e+022  1.2675904e+025
3.6230000e+022  1.6525131e+026
1.3040000e+021  4.1202218e+024
8.1979998e+021  4.7424030e+024
1.3940000e+022  2.3584813e+025
2.8480001e+021  3.7081997e+024
9.1010002e+021  2.2592088e+025
1.1250000e+022  3.6473642e+025
2.5549999e+022  6.3849613e+025
2.9609999e+022  8.5501513e+025
4.2379998e+022  7.2477190e+025
3.6020001e+022  5.9922954e+025
3.5680000e+022  6.3185952e+025
3.0169999e+022  5.1793124e+025
1.3950000e+022  4.3386764e+025
2.3250000e+022  7.2532497e+025
7.9739998e+021  1.9837900e+025
1.2429999e+022  2.0484969e+025
1.6270000e+022  1.9348452e+025
1.0430000e+022  1.5214403e+025
8.2729999e+021  1.7700362e+025
5.7700000e+021  3.1192015e+025
9.4380001e+021  2.9809390e+025
8.1209995e+021  1.4052998e+025
1.0530000e+022  2.3631822e+025
8.2440001e+021  1.4752607e+025
8.3719997e+021  1.2366196e+025
6.7390001e+021  1.2172629e+025
4.9210000e+021  2.5542609e+025
6.7930000e+021  2.5877204e+025
5.8670002e+021  8.8930424e+024
7.1370001e+021  1.2310891e+025
2.0060001e+022  4.5792533e+025
1.6720000e+022  7.0486214e+025
1.3980001e+022  1.1951408e+026
1.8190001e+022  7.1232828e+025
2.1700000e+022  3.2546987e+025
1.9619999e+022  4.1810572e+025
1.8789999e+022  3.0279481e+025
2.0179999e+022  6.0946102e+025
1.8089999e+022  2.8039631e+025
1.6350001e+022  2.6916939e+025
1.2410000e+022  4.0483254e+025
2.5769998e+022  4.7617596e+025
1.4480001e+022  1.0228658e+026
3.2249998e+021  5.9757042e+024
3.8660000e+021  5.9093383e+024
1.7389999e+022  3.1164362e+025
5.5279997e+021  1.7990714e+025
5.4590000e+021  2.3125783e+025
4.6600001e+021  9.9742550e+024
4.6349997e+021  9.0727834e+024
2.1840000e+021  3.5865288e+024
3.3840000e+021  3.2242810e+024
1.5470000e+022  5.0382846e+025
2.3489999e+022  7.2421883e+025
3.4370000e+022  9.1833941e+025
3.0619999e+022  9.5345805e+025
4.1560001e+022  5.7849019e+025
4.5600002e+021  1.0825952e+025
3.6310000e+022  9.5290498e+025
5.6029998e+021  4.6400889e+024
7.1010000e+021  4.1782919e+024
3.7589999e+022  4.3746248e+025
2.7800000e+022  2.4635608e+025
1.5210000e+022  4.0427947e+025
3.6710000e+022  5.5332642e+025
1.7360000e+022  4.9774492e+025
2.4480000e+022  3.1579149e+025
4.1150002e+022  6.8771759e+025
1.6140000e+022  5.8761553e+025
2.7120001e+022  4.0262033e+025
4.5930001e+022  1.5026367e+026
2.1800001e+022  1.0643445e+026
2.3540000e+022  1.2933072e+026
1.1350000e+022  5.4862548e+025
4.8390001e+021  2.7494875e+025
7.4080003e+021  7.9888059e+025
1.1960000e+022  9.2635862e+025
2.8260000e+022  6.7555044e+025
2.1740001e+022  5.9535821e+025
2.0930000e+022  4.6677411e+025
2.5909999e+022  4.9249094e+025
2.1450001e+022  4.5958447e+025
2.9280000e+022  8.3234010e+025
2.0040001e+022  6.9960813e+025
1.3020000e+022  6.1748023e+025
2.1369999e+022  4.5626617e+025
3.1079999e+022  1.0850839e+026
2.6500000e+022  1.1558744e+026
2.7550001e+022  1.0408400e+026
2.7010001e+022  9.9604290e+025
3.0600000e+021  1.2681435e+025
1.3349999e+022  1.6436644e+025
1.5479999e+022  1.5573885e+025
2.5889999e+022  6.8052791e+025
2.9039999e+021  9.8581147e+024
6.0760005e+021  1.7092008e+025
7.4400001e+021  1.4055763e+025
5.5990000e+021  7.0486208e+024
5.9930003e+021  5.3922367e+024
8.1419998e+021  2.6933530e+025
9.7570002e+021  2.0661945e+025
1.2040000e+022  1.8872828e+025
1.8530000e+021  6.7112606e+024
8.2869999e+021  6.6200075e+025
1.8599999e+022  6.2881771e+025
1.4360000e+022  4.1340481e+025
3.1429998e+022  1.3701812e+026
1.8640000e+022  9.2027507e+025
5.8279996e+021  6.5785285e+024
4.3900003e+021  7.6818635e+024
6.1159998e+021  2.1065672e+025
7.0340000e+021  1.2327483e+025
4.5829998e+021  1.0449878e+025
4.3210001e+021  1.7860747e+025
6.0159996e+021  4.0179077e+025
5.1970003e+021  2.1018662e+025
3.6230001e+021  2.2044570e+025
6.9669999e+021  6.2798816e+024
6.5229996e+021  1.5532407e+025
6.9300001e+021  1.4940643e+025
1.2060000e+022  3.1109059e+025
1.2159999e+022  1.9113405e+025
9.7989996e+021  1.5294595e+025
6.8480002e+021  1.1661057e+025
1.0490000e+022  2.3543335e+025
8.4430001e+021  2.6883756e+025
1.4810000e+022  7.1592309e+025
1.7880000e+022  7.5989054e+025
6.9920000e+021  1.0458174e+026
1.6790000e+022  7.8284217e+025
1.6580001e+022  6.0448355e+025
2.5930000e+022  5.7185358e+025
3.4970001e+022  8.6109873e+025
1.4020001e+022  9.2304028e+025
1.2990000e+022  1.0817656e+026
5.1600004e+021  2.4157220e+025
5.0229998e+021  3.2298113e+025
4.7400003e+021  2.4737922e+025
4.3670001e+021  2.0606640e+025
4.9469998e+021  7.7703513e+024
4.1479999e+021  8.8128503e+024
4.8799998e+021  1.1273922e+025
5.7849998e+021  1.0167823e+025
7.5519995e+021  1.6118640e+025
1.3819999e+021  1.8386144e+024
1.6090000e+022  6.1277929e+025
1.4339999e+022  6.1029056e+025
1.5350000e+022  3.0473051e+025
1.5360001e+022  3.8768798e+025
2.0150001e+022  3.5035710e+025
9.5000000e+021  2.4323135e+025
1.0030001e+022  2.5722351e+025
3.8530001e+021  1.1705301e+025
4.3380000e+021  1.1193730e+025
5.6980004e+021  1.1376237e+025
6.3829996e+021  8.8598597e+024
1.0860000e+022  9.0561921e+024
5.9830000e+021  1.5750861e+025
1.0720000e+022  9.1280887e+025
1.1030000e+022  9.2469948e+025
1.5550000e+022  7.3085544e+025
2.2970000e+022  1.1130130e+026
6.3470001e+021  1.1959704e+025
2.2050000e+021  3.4952755e+024
1.4740000e+021  3.6224770e+024
6.5090002e+021  5.4807248e+025
1.4519999e+022  2.8647986e+025
1.6300000e+022  2.8565029e+025
1.2740000e+022  2.4627312e+025
1.5999999e+022  2.4348022e+025
1.6879999e+022  2.3913879e+025
1.3480000e+022  4.4714085e+025
1.4780000e+022  2.9560517e+025
1.2159999e+022  2.7165812e+025
1.1470001e+022  1.8864533e+025
5.2650001e+021  1.1799320e+025
2.4049999e+021  5.6991792e+024
7.1799999e+021  2.9366950e+025
1.0050000e+022  2.6303054e+025
3.8920001e+021  5.4973162e+024
4.1140000e+021  4.6373234e+024
3.2749999e+021  4.8502476e+024
3.1360000e+021  5.0078671e+024
2.4480000e+021  2.7763104e+024
4.4240002e+021  1.6420051e+025
1.3369999e+022  6.3351865e+025
3.4699999e+021  4.9885103e+024
7.7590002e+021  9.2635857e+024
3.0079998e+021  6.2218115e+024
4.9049998e+021  6.5038670e+024
3.9570000e+021  5.8678595e+024
2.4770001e+021  5.6936487e+024
2.6720000e+021  5.3867061e+024
2.9690001e+022  7.1813529e+025
2.2559999e+022  6.3351865e+025
2.2330000e+022  6.7831571e+025
2.0750000e+022  6.4430313e+025
7.4330003e+021  1.2883298e+025
1.0630000e+022  1.5831053e+025
1.2830001e+022  1.2374492e+025
1.2650000e+022  8.7437189e+025
1.8040000e+022  8.8598597e+025
1.3589999e+022  5.3756450e+025
1.8490000e+022  1.0731933e+026
1.8900000e+022  1.0903379e+026
1.4540000e+022  7.1785876e+025
1.8620000e+022  6.8052791e+025
4.9829999e+021  6.6891386e+024
3.2910001e+021  4.5377745e+024
4.2109999e+021  4.0151422e+024
4.7800002e+021  5.6908836e+024
4.2799998e+021  5.3479928e+024
4.8429999e+021  5.4503068e+024
3.9940002e+021  5.1433643e+024
3.4270001e+021  4.2889021e+024
3.8950001e+021  2.8482071e+024
1.7590000e+021  2.2536784e+024
3.0129999e+021  3.0002958e+024
2.1980000e+021  3.1385583e+024
5.4179998e+021  1.3428052e+025
7.9140000e+021  1.8435919e+025
7.4659999e+021  1.7628465e+025
6.0329995e+021  1.9013857e+025
9.2009998e+021  9.9493680e+024
7.8909995e+021  1.0566019e+025
6.4210004e+021  7.1675266e+024
1.5200000e+022  5.7351278e+025
1.6790000e+022  6.1001402e+025
1.6260000e+022  3.8934715e+025
1.6460000e+022  3.3514825e+025
1.2380000e+022  4.2004142e+025
1.2420000e+022  5.8097892e+025
1.1120000e+022  3.1330279e+025
4.6089999e+021  2.9201035e+024
3.9950000e+021  2.8177892e+024
4.6709998e+021  8.8487985e+024
3.3960001e+021  8.5667430e+024
7.2710002e+021  2.5993346e+025
2.5020001e+021  5.6134563e+023
2.2009999e+021  5.5415601e+023
3.2510000e+021  5.3120445e+023
1.0070000e+022  1.0966980e+025
8.3189997e+021  1.2725678e+025
8.0629999e+021  9.3520743e+024
6.9709997e+021  1.3071335e+025
4.8340000e+021  6.4181443e+024
3.2919999e+021  4.4907651e+024
4.6590003e+021  1.0319911e+025
4.0930000e+021  5.5222033e+024
4.2580000e+021  6.5149278e+024
3.2200000e+021  2.9615823e+024
1.8870000e+022  2.5761065e+025
1.7510000e+022  2.4787698e+025
1.0770000e+022  1.2814166e+025
3.8110000e+021  3.9377152e+024
8.3319999e+021  1.6693812e+025
5.7640001e+021  7.6044361e+024
4.9189998e+021  5.9701736e+024
2.3910002e+021  3.4289093e+024
6.6710003e+021  5.9259297e+024
9.3849995e+021  9.7530348e+024
5.0440001e+021  9.9604292e+024
6.8259996e+021  8.8487985e+024
3.4129998e+021  2.5871675e+024
1.9130001e+021  2.8786247e+024
4.6429998e+021  1.1307105e+025
1.1020000e+022  7.7675863e+025
1.9039999e+022  2.4812585e+025
1.5100000e+022  1.7468081e+025
2.1050001e+021  8.5805696e+024
9.1270001e+021  8.9206949e+024
5.2820001e+021  8.2819228e+024
1.0740000e+022  3.1136709e+025
3.7960000e+021  1.8764983e+025
9.9319999e+021  2.0648118e+025
1.0370000e+022  1.9298676e+025
7.2020000e+021  4.4409908e+025
1.4789999e+022  4.9663882e+025
1.0110000e+022  2.4627312e+025
9.8610007e+021  1.8090262e+025
6.5060002e+021  1.3751586e+025
2.9399999e+021  2.8122589e+024
3.1129998e+021  4.9636228e+024
2.7609999e+021  7.4634088e+024
8.6169995e+021  4.3773901e+025
1.1210000e+022  2.3949826e+025
9.9069993e+021  2.1837176e+025
1.2880000e+022  5.5249688e+025
1.1500000e+022  3.0887838e+025
1.2830001e+022  1.8651608e+025
2.1150000e+022  7.8201257e+025
1.4550000e+022  2.7301308e+025
1.7640000e+022  3.7800960e+025
2.0170001e+022  3.3459518e+025
2.0590000e+022  7.9805099e+025
1.5460000e+022  4.8751350e+025
5.6620003e+021  8.4008278e+024
3.5560000e+021  3.4012571e+024
4.2360002e+021  4.7396379e+024
2.3870001e+021  2.4071497e+024
4.9889998e+021  1.7111364e+025
8.1569996e+021  5.6991791e+025
6.2189999e+021  5.3341665e+024
5.3460002e+021  7.1343439e+024
5.9419998e+021  2.0656414e+025
5.1620000e+021  1.0253545e+025
6.0920001e+021  1.0015734e+025
3.7536298e+019  4.4024551e+022
5.2049200e+019  7.9233810e+022
2.9981301e+019  1.7915439e+022
2.5508701e+019  9.4567362e+021
9.6587593e+019  7.4460736e+023
5.6132998e+019  3.7500832e+022
1.0159190e+020  1.0555493e+023
3.6203399e+019  4.0885507e+021
2.0632279e+019  5.0430768e+021
1.8197670e+019  5.7241573e+021
3.5155002e+019  1.1719318e+022
1.4122159e+020  9.7006887e+022
5.4871400e+019  2.1589270e+022
2.9371808e+019  2.6588351e+022
3.9489488e+019  1.2995238e+022
3.2130698e+019  4.8756645e+022
1.5246260e+019  3.8114828e+022
4.2853400e+019  2.0129233e+022
2.6512999e+019  4.3158840e+021
9.6192472e+019  1.3863315e+023
1.9351341e+019  3.2068840e+022
2.0710010e+019  2.2418899e+022
6.3838498e+019  2.6413510e+022
3.3810240e+019  7.8374698e+021
1.0411720e+019  1.6752350e+022
5.0749402e+019  5.7670021e+022
3.5527501e+019  2.1007995e+022
2.2687000e+019  3.5354462e+021
2.6370339e+019  1.9982163e+022
4.1400800e+019  1.1668356e+022
2.7924099e+019  5.7935803e+021
2.1928299e+019  2.0812672e+022
2.6088849e+019  1.4552393e+022
3.5863800e+019  7.9257211e+022
2.9548302e+019  1.7697383e+022
4.4017497e+019  2.7519815e+022
8.8655200e+018  9.4881758e+023
3.1683230e+019  1.9740953e+023
1.9187720e+019  1.8616002e+022
3.0526500e+019  2.9401732e+022
2.6243768e+019  1.2720848e+023
2.3606000e+019  1.2206078e+022
3.1989600e+019  7.7032811e+022
3.6947901e+019  1.0769215e+022
1.7144751e+019  1.5436579e+022
5.1729102e+019  1.8242511e+022
3.1647600e+020  3.1747504e+022
1.3635510e+020  6.2675321e+022
3.3447399e+019  1.9349133e+022
1.2617430e+019  1.4943132e+022
2.1114700e+019  2.2929741e+023
3.0997999e+019  7.8884212e+021
3.8467681e+019  2.6621162e+022
3.1787970e+019  1.1265216e+022
1.8080750e+019  5.4993084e+021
1.0334160e+020  7.7954050e+021
1.5031080e+019  1.0842740e+022
1.9410220e+019  1.4660674e+022
4.8040399e+019  1.4924086e+022
2.3041920e+016  1.8586066e+019
3.1612542e+016  1.2318460e+019
6.7835792e+016  3.9931317e+019
2.9869032e+016  2.6393357e+019
2.2556492e+016  1.8898115e+019
2.2488511e+016  4.2384359e+018
3.4283058e+016  7.6546795e+018
1.2499788e+017  3.5003282e+019
7.7305812e+016  6.0355682e+019
3.0212913e+016  1.3889193e+019
5.1923767e+016  1.5411589e+019
3.0656594e+016  8.8019542e+018
2.5486428e+016  6.5500404e+018
1.8007338e+016  4.8826171e+018
2.7032013e+016  3.3719681e+018
2.1517346e+016  4.5299426e+018
2.7377049e+016  3.1376237e+018
3.0100660e+016  5.2324563e+018
3.4419438e+016  6.4823917e+018
2.5410880e+016  4.6721441e+018
3.1459439e+016  6.4938991e+018
1.7857065e+017  8.7716096e+019
1.9683167e+016  6.6072266e+018
3.5054314e+016  5.3520135e+018
2.2205337e+016  3.6335120e+018
2.5201994e+016  5.2567635e+018
2.0632052e+016  4.7506875e+018
2.0335803e+016  7.7648153e+018
2.7643226e+016  4.5931313e+018
2.2409928e+016  7.1271570e+018
2.6005808e+016  1.5604644e+019
3.2196381e+016  2.5173287e+019
1.8777885e+016  9.2920507e+018
3.3951633e+016  7.4902090e+018
2.2609949e+016  5.1903286e+018
1.5922865e+016  4.3668370e+018
2.3399495e+016  1.7797762e+019
1.8871290e+016  7.8550209e+018
2.5898103e+016  6.7175052e+018
6.1291120e+016  1.9278507e+019
2.5310676e+016  8.1386925e+018
2.9604252e+016  2.7914594e+018
3.4814578e+016  3.6508718e+018
2.6054554e+016  5.3258774e+018
2.3144557e+016  7.3135307e+018
2.9460016e+016  7.8761007e+018
2.2516059e+016  1.2352198e+019
3.3587151e+016  7.0527644e+018
4.5554214e+016  7.8636125e+018
2.0200520e+016  7.3394198e+018
6.2653746e+016  2.1904053e+019
1.2898734e+017  4.6641042e+019
2.5261550e+016  1.2467298e+019
2.9534502e+016  1.5625123e+019
2.6341511e+016  5.3389054e+018
2.6867423e+016  6.3050920e+018
2.6044259e+016  8.0221023e+018
2.5375914e+016  4.2776893e+018
3.7724575e+016  3.9236986e+018
5.2064276e+016  8.9079344e+018
4.8654038e+016  2.2204829e+019
3.5192339e+016  1.1343497e+019
1.6253302e+016  5.3938575e+018
3.1317980e+016  4.5750257e+018
2.5649409e+016  6.3008162e+018
3.3453135e+016  4.7001207e+018
2.3388511e+017  5.7585211e+019
2.0456783e+016  1.1417962e+019
2.1449279e+016  7.9437364e+018
1.9966339e+016  4.1209045e+018
3.4632226e+016  4.0021759e+018
3.0287663e+016  6.0016987e+018
2.6767634e+016  5.3273555e+018
1.7438241e+017  8.9863086e+019
3.1799736e+016  1.5109323e+019
3.0308029e+016  1.5579735e+019
3.0200580e+016  1.0314533e+019
1.5920538e+016  1.0126938e+019
1.6093315e+016  6.4607084e+018
2.9244559e+016  7.1598436e+018
1.7155559e+016  6.1649273e+018
1.9058567e+016  6.0968724e+018
3.1768604e+016  6.0827927e+018
2.3395127e+016  7.9667613e+018
2.6007414e+016  5.0970127e+018
1.1828157e+016  3.8974457e+018
2.2904657e+016  3.6141420e+018
3.0949762e+016  1.5125174e+019
1.7041114e+017  1.4877240e+020
7.2253341e+016  6.7366570e+019
2.9526612e+016  1.2083694e+019
2.6533077e+016  8.9407686e+018
2.2634244e+016  1.3735009e+019
1.8964596e+016  7.0272705e+018
1.9857996e+016  3.5488514e+018
2.8340331e+016  7.8219542e+018
2.5695501e+016  5.9120411e+018
5.6489214e+016  8.7481479e+018
2.5069885e+016  1.2474899e+019
2.9552278e+016  9.5199939e+018
2.5695385e+016  9.4097752e+018
4.1711288e+016  7.4001365e+018
2.4377040e+016  7.2611664e+018
2.0341023e+016  4.1989129e+018
2.5873063e+016  4.1370538e+018
2.1974869e+016  2.0377655e+018
3.6175565e+016  1.3748765e+019
3.8450132e+016  6.1359227e+018
2.5526307e+016  7.9442839e+018
2.7051497e+016  3.0346578e+018
1.5996935e+016  2.5065232e+018
1.7117959e+016  4.0317126e+018
4.2778218e+016  3.1608440e+019
6.2765299e+016  7.5696935e+019
8.8543345e+016  3.7336532e+019
2.5504169e+016  1.4969212e+019
2.3862748e+016  6.8593786e+018
4.2488600e+016  6.2852607e+018
2.8131108e+016  6.6610219e+018
2.5939700e+016  3.6067939e+018
2.8583250e+016  4.9726655e+018
2.4527169e+016  9.8234057e+017
3.9977216e+016  1.6553972e+019
7.3569440e+016  6.0880040e+019
3.0387652e+016  1.3437829e+019
2.5868393e+016  6.5168646e+018
2.3220335e+016  6.2734431e+018
2.7679243e+016  1.9707082e+019
4.2211716e+016  1.3180466e+020
2.5972799e+016  1.4803679e+019
2.9439082e+016  4.8258042e+018
3.4860751e+016  7.5304065e+018
9.4220089e+016  7.2617821e+019
2.3540033e+016  5.4701465e+018
2.7694641e+016  3.2229253e+018
2.8291789e+016  3.3303426e+018
2.9628104e+016  4.0418810e+018
3.0768353e+016  1.4516976e+019
4.9357167e+016  3.8568422e+019
6.4284137e+016  6.9390830e+019
2.3332863e+016  5.6149759e+019
2.4099665e+016  6.6827124e+018
1.8705588e+016  4.8414065e+018
1.9132467e+016  7.1716732e+018
3.6171334e+016  2.4412043e+018
2.3164320e+016  4.2192193e+018
3.1917248e+016  2.6464225e+018
2.4929790e+016  3.3748009e+018
6.0972709e+016  4.6692902e+019
2.8693317e+016  7.5199016e+018
2.6210536e+016  4.3096242e+018
3.4143942e+016  9.5625491e+018
8.2178659e+016  2.6777275e+019
3.8969059e+016  4.0502584e+018
2.7389715e+016  3.6653582e+018
1.7368449e+016  4.0304190e+018
2.4512012e+016  6.4835027e+018
2.8039539e+016  2.1143078e+019
3.0875264e+016  2.3020332e+019
2.8534328e+016  2.8224101e+019
2.5246026e+016  2.0358573e+019
2.0126842e+016  2.0524341e+019
1.1586359e+017  8.3289271e+018
4.4696097e+016  1.1754538e+019
4.2187475e+016  4.5610179e+018
3.6167825e+016  1.7694922e+019
2.2192779e+016  8.5741413e+018
2.5147188e+016  7.7818711e+018
4.4242488e+016  8.4957532e+018
1.8060900e+016  1.0033759e+019
3.3344518e+016  6.1270117e+018
2.9518851e+016  3.1554755e+018
2.0578533e+016  4.7480139e+018
2.4908785e+016  1.1831344e+019
5.0142622e+016  1.1392205e+019
2.9213103e+016  7.5132759e+018
2.1946585e+016  6.4340020e+018
3.9108018e+016  6.6894515e+018
3.7890124e+016  7.7073150e+018
2.8803814e+016  6.7666161e+018
2.2959972e+016  3.2211395e+018
2.4392056e+016  4.8928518e+018
2.7065359e+016  5.7085763e+018
2.6076310e+016  6.7762980e+018
5.4692148e+016  7.6348748e+018
2.2681383e+016  9.9865006e+018
2.5024337e+016  1.8680379e+019
2.1263415e+016  8.6557433e+018
3.1902287e+016  1.5629700e+019
6.7806646e+016  2.4656821e+019
2.8409714e+016  6.6407333e+018
3.3821323e+016  3.2745274e+018
3.8121833e+016  1.1398496e+019
2.3697360e+016  8.3985031e+018
2.6934176e+016  1.0469463e+019
5.4775011e+016  2.1245811e+019
3.1609308e+016  1.5821765e+019
5.5455484e+016  1.0469360e+020
4.3183744e+016  1.0050470e+019
2.9789575e+016  8.7620361e+018
2.5273821e+016  7.3209179e+017
2.5281221e+016  4.3475876e+018
3.8744651e+016  1.0010462e+019
2.3184023e+016  2.3694175e+019
2.2558437e+016  1.2376502e+019
2.4986509e+016  9.0359384e+018
2.3646567e+016  9.0182101e+018
2.2552418e+016  1.3290913e+019
6.4163470e+016  3.3299618e+019
1.0034958e+017  4.3780296e+019
2.6342600e+016  1.9557131e+019
3.5471976e+016  6.5473142e+018
1.7267029e+016  7.7521129e+018
2.3658716e+016  3.9788699e+018
2.4422339e+016  1.0573809e+019
2.2203738e+016  1.2981558e+019
2.0326528e+016  2.2262368e+018
4.0079999e+016  8.2980882e+018
4.6173445e+016  1.5768216e+019
1.5122203e+016  6.9133456e+018
2.7862056e+016  1.2647066e+019
2.1878353e+016  1.4853155e+019
3.4631277e+016  1.7460191e+019
2.8272780e+016  2.7361497e+019
3.8777851e+016  7.4483168e+018
1.8190750e+016  1.1074731e+019
5.8182281e+016  1.3036422e+019
2.7441332e+016  1.9733753e+019
3.9842694e+016  1.3694222e+019
2.7874572e+016  1.1727046e+019
2.2143608e+016  1.1714538e+019
2.7138034e+016  8.2128661e+018
3.1556297e+016  1.9238853e+019
2.8941388e+016  7.9251479e+018
1.7995886e+016  5.5323988e+018
1.8586533e+016  3.5751146e+018
2.6651887e+016  4.8179860e+018
3.2113120e+016  6.9691430e+018
2.4444987e+016  8.2581334e+018
2.9057706e+016  1.5346704e+019
3.5809238e+016  1.7861042e+019
2.3777371e+016  1.0179371e+019
3.8203451e+016  7.5389277e+018
3.6116582e+016  5.7403593e+018
3.5550924e+016  1.5540548e+019
3.6331115e+016  1.0804904e+019
1.8423694e+016  5.8373566e+018
3.1719547e+016  7.4409240e+018
3.2181333e+016  1.2644122e+019
2.1301769e+016  9.5398228e+018
2.3366499e+016  9.2793841e+018
2.4352984e+016  6.0857770e+018
2.8555436e+016  7.0386529e+018
2.0504717e+016  7.6329431e+018
2.9230568e+016  6.2222993e+018
1.7389101e+016  4.2350517e+018
2.6737887e+016  5.5114560e+018
1.5959077e+016  5.7117580e+018
5.3813982e+016  1.0547036e+019
1.9341161e+016  1.4251422e+019
2.5507770e+016  3.4487972e+018
3.3340184e+016  1.0041618e+019
2.5217411e+017  5.8899257e+019
1.7373626e+016  8.9505329e+018
3.7940959e+016  5.5144167e+018
2.7552058e+016  7.9840690e+018
3.3842107e+016  4.8377497e+018
2.6168351e+016  7.8207284e+018
3.5682754e+016  5.2962147e+018
3.3934038e+016  4.0550470e+018
2.2978715e+016  3.0290112e+018
2.3328261e+016  3.9054157e+018
2.7077303e+016  4.3666117e+018
2.5017424e+016  7.3976848e+018
4.1595311e+016  4.1009411e+018
2.7136424e+016  5.4187591e+018
2.9953997e+016  4.6679696e+018
4.1319033e+016  4.5563349e+018
2.2885574e+016  8.0582367e+018
3.6946047e+016  5.6251155e+018
2.2080277e+016  7.0781919e+018
2.4345666e+016  6.0438177e+018
2.6811645e+016  1.3150224e+019
3.0855322e+016  1.3320878e+019
2.1318908e+016  1.3235798e+019
2.3187206e+016  9.4691719e+018
2.5431865e+016  7.6351956e+018
2.4230391e+016  8.2214881e+018
1.8404369e+016  9.1614454e+018
1.1872276e+016  3.4971188e+018
2.4569107e+016  1.3675636e+019
2.1825877e+016  4.0907435e+018
5.6855385e+016  1.0649072e+019
2.5952598e+016  8.0233990e+018
2.9963328e+016  6.8322786e+018
4.8469982e+016  4.6606430e+018
3.1250002e+016  5.3634186e+018
3.7727070e+016  4.6763398e+018
2.8002504e+016  4.9566165e+018
1.5538732e+016  8.8021115e+018
2.4103859e+016  1.2802284e+019
1.9684585e+016  9.8902809e+018
3.1795164e+016  3.2530677e+018
2.5859932e+016  4.4058550e+018
1.4712674e+016  4.9278545e+018
2.8436540e+016  5.7048891e+018
1.8420228e+016  1.7168483e+019
1.8773749e+016  1.5375883e+019
2.8950745e+016  4.4208494e+018
2.4705124e+016  6.1659544e+018
2.7189636e+016  5.7453235e+018
1.3143028e+016  3.8128837e+018
2.5941611e+016  5.4701861e+018
2.3445460e+016  7.7142108e+018
4.1721738e+016  5.5394408e+018
2.3667969e+016  5.4392363e+018
1.9105451e+016  4.6552132e+018
2.5626281e+016  5.5745713e+018
2.7357986e+016  9.3534534e+018
2.4223433e+016  7.6623766e+018
3.1040143e+016  7.5969365e+018
3.7400060e+016  2.3494122e+019
3.1606246e+016  9.2395170e+018
3.3521303e+016  6.1207961e+018
1.7035333e+016  5.6490040e+018
1.4591730e+016  3.7242698e+018
1.6950895e+016  5.9083534e+018
1.7984622e+016  3.0880820e+018
2.6657105e+016  3.2859472e+018
2.0227022e+016  1.6548566e+019
1.9894203e+016  4.1920035e+018
3.0794576e+016  6.2939918e+018
2.0124312e+016  6.8605524e+018
1.9987457e+016  3.9672945e+018
1.6649282e+016  4.6161596e+018
2.3676426e+016  6.5105979e+018
2.1084634e+016  9.4299359e+018
2.2435893e+016  5.0719848e+018
2.6662470e+016  3.3470617e+018
2.4204069e+016  4.2965509e+018
2.2671526e+016  5.3241599e+018
3.2921169e+016  6.9113889e+018
2.8476591e+016  8.2073866e+018
2.4082466e+016  9.5790742e+018
3.2775007e+016  6.3085578e+018
2.6114232e+016  6.5294908e+018
3.3604612e+016  1.3898078e+019
2.5902974e+016  8.4340456e+018
2.5619845e+016  6.5741609e+018
3.0651238e+016  6.1753107e+018
3.1525249e+016  6.6629434e+018
3.9547307e+016  3.3272892e+019
4.9144012e+016  6.8251547e+019
4.8475247e+016  4.9029482e+019
1.7485355e+016  1.3946482e+019
1.3980999e+016  6.7315820e+018
2.7953067e+016  4.5096015e+018
2.3948113e+016  2.5991504e+018
2.1654626e+016  5.0459499e+018
2.5679594e+016  4.1738198e+018
2.4356403e+016  3.2984600e+018
2.8012539e+016  9.5777263e+018
1.8885332e+016  9.0144993e+018
3.1039134e+016  6.7436172e+018
2.3299714e+016  4.5203635e+018
1.6351032e+016  3.6756701e+018
2.1582962e+016  4.9305870e+018
2.5259287e+016  3.9133094e+018
2.1552790e+016  6.2606245e+018
2.4709789e+016  5.4338152e+018
4.4805206e+016  5.8482682e+018
3.2408144e+016  7.7306554e+018
1.8540629e+016  3.8135765e+018
3.2661601e+016  4.9488933e+018
3.5379319e+016  4.6133784e+018
1.9936012e+016  4.2602683e+018
2.0053449e+016  5.8197769e+018
2.1375434e+017  1.7864170e+019
3.2343344e+016  1.7411801e+019
5.7412718e+016  2.1769627e+019
6.3835463e+016  3.5939343e+019
1.3711993e+016  1.0338235e+019
1.5893441e+016  7.9158510e+018
2.2967621e+016  5.4294845e+018
2.4448388e+016  4.9305938e+018
3.3475203e+016  5.4897409e+018
2.4278254e+016  8.0388619e+018
1.7102851e+016  7.9737744e+018
2.5795546e+016  4.1259290e+018
1.6510912e+016  4.1450293e+018
2.5922690e+016  6.0051075e+018
2.3870378e+016  6.6767090e+018
2.9162877e+016  7.3617264e+018
2.5025492e+016  9.2492515e+018
2.8989015e+016  1.4610375e+019
2.2684237e+016  9.4922591e+018
4.5479349e+016  8.9067399e+018
2.5218203e+016  8.4304371e+018
1.1763542e+016  7.2875900e+018
2.3619561e+016  6.6147216e+018
2.5563581e+016  2.1292514e+019
6.4696381e+016  2.6216931e+019
3.1705436e+016  2.7206126e+019
8.0828879e+016  1.3464578e+019
3.1474774e+016  1.2902224e+019
2.0301492e+016  1.4313487e+019
2.7595813e+016  6.4398240e+018
2.0758915e+016  5.2653850e+018
2.2398555e+016  3.6828831e+018
2.4440159e+016  4.0435049e+018
2.3023222e+016  5.3253974e+018
2.2985226e+016  4.4108602e+018
2.6893627e+016  3.6991352e+018
1.4353000e+016  3.4659297e+018
1.1710696e+016  6.3465312e+018
2.5419115e+016  7.4463094e+018
1.8259265e+016  7.3197073e+018
1.2892053e+016  1.0197669e+019
2.5786949e+016  1.2377842e+019
7.7177616e+016  2.4061402e+019
2.2487336e+016  2.4999697e+019
2.7431677e+016  1.5100037e+019
1.9200636e+016  1.3657814e+019
1.7558433e+016  8.1041370e+018
1.4493255e+016  5.6559143e+018
1.5384678e+016  4.8116435e+018
2.9040024e+016  3.8513553e+018
2.0249978e+016  5.5080086e+018
3.0715740e+016  5.5264051e+018
3.2835562e+016  4.7590022e+018
2.5332286e+016  5.6173296e+018
1.4706210e+016  4.1658148e+018
1.7259738e+016  3.9280976e+018
2.1296460e+016  4.5641247e+018
2.4494845e+016  3.8087674e+018
2.6424260e+016  5.2187428e+018
2.4766575e+016  9.3753268e+018
1.7784334e+016  2.1229093e+018
3.8565357e+016  7.1187058e+018
3.7824617e+016  5.1550370e+018
3.3111172e+016  8.0733508e+018
9.8535580e+015  2.5232101e+019
3.1645194e+016  4.8132626e+019
3.6595415e+016  1.0395474e+019
1.5824275e+016  2.3326031e+018
1.9931738e+016  2.0898679e+018
3.5452374e+016  2.0115282e+018
2.2792543e+016  4.5200113e+018
2.7571158e+016  2.2923958e+018
3.6442536e+016  7.0847674e+018
2.8102375e+016  4.6930705e+018
2.3536466e+016  1.7226968e+018
2.7292853e+016  3.2175835e+018
3.0541729e+016  3.3229985e+018
1.9202846e+016  3.1489765e+018
2.0174080e+016  5.2370206e+018
3.7342297e+016  5.9419223e+018
5.5987068e+016  7.8094038e+018
3.4835887e+016  7.7958799e+018
3.2486576e+016  2.1646628e+018
2.2653760e+016  1.9837671e+018
2.7984794e+016  2.1003388e+018
1.8369685e+016  1.1670373e+018
2.3197657e+016  3.3821835e+018
2.4084594e+016  2.3329773e+018
2.4271702e+016  2.3202698e+018
2.9255932e+016  2.1429468e+018
2.4110651e+016  3.8487249e+018
2.6574002e+016  4.0878199e+018
1.6170754e+016  3.4475952e+018
3.1114242e+016  6.6765701e+018
1.6978655e+016  3.5349408e+018
2.3133405e+016  5.3234262e+018
3.2177085e+016  4.5348678e+018
2.5324695e+016  1.8239877e+018
2.2262731e+016  3.3220409e+018
2.7434363e+016  3.7668365e+018
1.8464812e+016  3.1608742e+018
2.7135973e+016  5.9161079e+018
2.8666489e+016  9.3627518e+018
1.9816069e+016  1.2697612e+019
3.2787922e+016  1.6159921e+019
2.4390400e+016  5.1925189e+018
1.5660156e+016  3.4976581e+018
1.0168488e+016  3.3117929e+018
1.3950115e+016  2.2429134e+018
2.4555651e+016  2.9976542e+018
2.7385581e+016  3.5174223e+018
1.5303635e+016  2.1243356e+018
2.7589276e+016  1.7720390e+018
1.5366578e+016  2.2859708e+018
3.3529334e+016  2.7433872e+018
2.1551901e+016  2.4117141e+018
2.0953868e+016  5.2188414e+017
2.1394355e+016  1.3422182e+018
3.7811810e+016  1.4890743e+018
2.3133173e+016  4.1301420e+018
6.4619437e+016  4.7322438e+018
1.5014501e+016  4.1091723e+018
2.0367130e+017  8.3840464e+019
2.6681565e+016  6.7547932e+018
2.9421278e+016  4.9139075e+018
3.0779409e+016  1.4183492e+019
1.4916748e+016  6.1179232e+018
3.0410117e+016  2.5298315e+018
3.6024184e+016  2.1089236e+018
4.0127987e+016  5.9316103e+018
5.0253892e+016  3.1250380e+019
1.8149213e+016  1.6133535e+019
3.1198361e+016  3.3256143e+018
1.8278359e+016  3.8007304e+018
2.9709687e+016  2.4944865e+018
3.0577977e+016  2.0884206e+018
3.7331680e+016  2.2007879e+018
1.3636043e+016  1.7302970e+018
1.7844678e+016  1.8307392e+018
1.8149248e+016  1.8358987e+018
2.8865066e+016  1.5647469e+018
3.8004001e+016  4.1044059e+018
2.4415278e+016  3.5593997e+018
4.1960679e+016  9.6108808e+018
2.9031018e+016  5.8723617e+018
3.7615732e+016  7.5715887e+018
7.7461281e+016  4.7462971e+019
3.0802047e+016  1.8202247e+019
1.7735535e+016  7.8028119e+018
2.5243992e+016  4.7276047e+018
2.8335405e+016  5.3797923e+018
2.8984875e+017  2.6039200e+020
2.5016574e+016  4.4036898e+018
3.6150319e+016  2.9141201e+018
2.1870506e+016  2.6146091e+018
3.3660932e+016  1.0029144e+018
2.4286101e+016  5.4051695e+018
3.0281104e+016  5.5791877e+018
1.9503049e+016  4.8387715e+018
3.1296999e+016  7.7372912e+018
3.6118768e+016  8.4343872e+018
2.1060574e+016  1.0638688e+019
4.3106156e+016  1.7448703e+019
2.1026491e+016  2.1356859e+018
1.8706573e+016  2.1433344e+018
2.8149967e+016  2.9683058e+018
2.5323346e+016  2.6378955e+018
2.3022981e+016  1.4783079e+018
1.8089071e+016  2.2441323e+018
3.5251934e+016  2.9992834e+018
1.6675515e+016  2.6544540e+018
2.4086619e+016  3.9913002e+018
1.2233983e+016  1.9264815e+018
2.8419824e+016  5.7059476e+018
1.9597536e+016  5.1858054e+018
2.0515734e+016  2.7198615e+018
3.6931642e+016  3.7661524e+018
1.8040871e+016  6.0126904e+018
3.2192605e+016  6.2260356e+019
4.8197870e+016  1.5021605e+019
3.5447613e+016  1.2148934e+019
4.7955208e+016  6.7263366e+018
2.3017228e+016  3.6039051e+018
3.2605992e+016  5.6205107e+018
2.4229609e+016  4.0700212e+018
3.1730443e+016  1.0217332e+019
3.1304788e+016  2.8550053e+018
3.2038833e+016  4.1163161e+018
3.1041633e+016  4.2760766e+018
1.7855495e+016  8.8480282e+018
2.1772828e+016  4.1399002e+018
2.3660721e+016  6.2404035e+018
2.5285190e+016  7.0142091e+018
1.6300826e+016  9.1586338e+018
1.9007333e+016  2.8423806e+018
2.5477823e+016  4.8104837e+018
3.3046992e+016  7.4980350e+018
2.5094983e+016  6.5279760e+018
1.9814671e+016  3.1618171e+019
4.3615822e+016  1.1316379e+019
4.2252553e+016  1.2996623e+019
1.8260893e+016  3.9900785e+018
2.9246986e+016  4.5554719e+018
3.3135518e+016  4.0945773e+018
2.3446961e+016  6.5355294e+018
1.8669216e+016  6.2469274e+018
1.3549259e+016  3.0548183e+018
4.2704181e+016  4.4416913e+018
3.8005354e+016  4.6297501e+018
2.1397660e+016  4.6783226e+018
2.2376539e+016  5.5792808e+018
3.2921459e+016  7.8051884e+018
1.7596554e+016  9.4121806e+018
1.3082624e+016  4.1050176e+018
1.6796059e+016  5.6222450e+018
2.4590672e+016  4.9290587e+018
2.0463520e+016  3.1030432e+018
3.5333736e+016  4.9015182e+018
3.0293293e+016  5.0395896e+018
1.3855994e+016  3.6827119e+018
3.2068517e+016  3.5080328e+018
3.3318701e+016  2.8587243e+018
2.3855305e+016  2.8667602e+018
3.0240603e+016  4.4688912e+018
2.4416526e+016  1.1543112e+019
5.9770577e+016  3.5440857e+018
2.1370437e+016  4.6520741e+018
1.8769248e+016  1.8932737e+018
1.4971781e+016  2.7742690e+018
1.5933206e+016  4.6782001e+018
2.7406974e+016  4.6828743e+018
2.3272534e+016  4.7061101e+018
2.3102625e+016  3.7407694e+018
3.2667916e+016  4.0882001e+018
2.1430244e+016  5.4381923e+018
2.4197474e+016  3.9741028e+018
3.0991756e+016  7.3167871e+018
3.9227079e+016  1.2333423e+019
3.8604948e+016  1.0346605e+019
2.4955201e+016  4.8165020e+018
3.3665972e+016  3.6509745e+018
1.8995412e+016  3.1004378e+018
1.4467405e+016  1.5903188e+018
3.0082907e+016  2.4096561e+018
2.6362945e+016  2.0445441e+018
2.1024799e+016  1.8887857e+018
2.8930062e+016  4.3052389e+018
3.3256078e+016  6.2074506e+018
3.9931630e+016  3.8090590e+018
2.7084770e+016  4.9921769e+018
2.7082795e+016  3.9623525e+018
3.2033919e+016  3.0436454e+018
2.1776691e+016  2.1138227e+018
1.3971442e+016  4.2665003e+018
2.2213307e+016  3.1961849e+018
2.2007930e+016  2.5195640e+018
2.7817350e+016  3.0641885e+018
1.8434957e+016  1.9515009e+018
2.9707825e+016  3.1524813e+018
3.0061290e+016  1.8137642e+019
5.6595188e+016  1.2118105e+019
2.4095656e+016  4.3896473e+018
3.3437572e+016  4.3205228e+018
2.3637971e+016  3.3586306e+018
1.7848334e+016  2.2291473e+018
3.2596390e+016  1.8507613e+018
2.2399302e+016  2.2651059e+018
1.8783730e+016  2.6337104e+018
2.1328726e+016  1.6132323e+018
2.0881180e+016  2.2461418e+018
2.4991824e+016  2.4947492e+018
1.2401044e+016  3.1493340e+018
2.3716062e+016  2.7645459e+018
2.8024376e+016  5.1358165e+018
3.0343532e+016  5.7783183e+018
4.3433269e+016  6.4945074e+018
2.8842260e+016  3.4232708e+018
4.2822344e+016  9.1674681e+018
2.9788353e+016  8.3938621e+018
2.6499164e+016  2.3621254e+018
2.9429715e+016  4.9187530e+018
2.1968111e+016  4.1453063e+018
1.9911226e+016  3.1034824e+018
2.1352466e+016  3.4126222e+018
2.8587983e+016  3.7268243e+018
3.3627992e+016  6.4284020e+018
2.0114017e+016  6.1444757e+018
1.9710174e+016  2.8588476e+018
2.5064527e+016  1.9172195e+018
2.0234733e+016  3.7638380e+018
2.2304809e+016  3.1355237e+018
1.7642873e+016  7.5471415e+018
2.8140941e+016  3.8513524e+018
3.2851458e+016  2.8479893e+018
1.9583900e+016  5.9468522e+018
2.3188906e+016  5.6651779e+018
3.1067457e+016  6.1054534e+018
2.4971290e+016  4.8717677e+018
2.2631548e+016  3.9438019e+018
2.6588283e+016  3.2194100e+018
1.0630178e+016  4.0824958e+018
2.4013014e+016  5.2326237e+018
1.9111572e+016  3.0175426e+018
1.7966036e+016  3.4419650e+018
2.1980550e+016  3.6943589e+018
2.7015280e+016  5.0298575e+018
4.5730858e+016  7.1262033e+018
2.7797488e+016  4.8637136e+018
2.8030748e+016  5.6697523e+018
1.7365567e+016  7.0998187e+018
2.3639872e+016  5.9932050e+018
7.3335948e+016  5.8034095e+018
3.7572378e+016  6.5019585e+018
2.5127159e+016  7.1667751e+018
3.1325752e+016  7.5327251e+018
1.8353868e+016  7.5953662e+018
1.4665437e+016  7.9252830e+018
1.9610750e+016  7.8015841e+018
2.4395706e+016  9.8082332e+018
2.6144774e+016  8.3133436e+018
1.8139066e+016  9.0851347e+018
4.4993549e+016  7.9667290e+018
1.7089858e+016  7.0929682e+018
3.3157328e+016  4.0372574e+018
2.6705417e+016  4.9213084e+018
3.4860486e+016  3.9973234e+018
2.8683681e+016  3.3331682e+018
4.9461565e+016  6.1386856e+018
2.4071033e+016  3.6501763e+018
3.9827446e+016  5.4858709e+018
1.9035559e+016  4.2974053e+018
3.3863350e+016  6.5514500e+018
3.4811414e+016  9.5595349e+018
2.4249896e+016  5.0141694e+018
4.0459571e+016  4.9533562e+018
2.8383903e+016  5.7894735e+018
3.2753285e+016  5.6703901e+018
1.3284218e+016  5.0875446e+018
2.9162882e+016  5.1182792e+018
2.5499182e+016  5.7624840e+018
1.6015688e+016  4.3138667e+018
2.0393293e+016  6.5049177e+018
3.2721262e+016  5.7918697e+018
2.2749106e+016  6.1036564e+018
1.9485107e+016  3.6714520e+018
1.6083721e+016  5.3810249e+018
4.9766860e+016  4.5648585e+018
4.1302261e+016  3.4118194e+018
1.2740182e+016  2.5423226e+018
2.3489833e+016  3.1945200e+018
2.9726476e+016  5.5170845e+018
2.0342782e+016  5.1412086e+018
1.3175940e+016  6.9946124e+018
1.9357164e+016  6.8890027e+018
2.6368705e+016  6.6180668e+018
2.7745682e+016  4.7651320e+018
1.6554327e+016  7.8194292e+018
2.7326463e+016  6.0163134e+018
3.0188168e+016  8.6296304e+018
1.6649200e+016  7.8318416e+018
3.0014355e+016  1.0898656e+019
1.6249764e+016  1.5435342e+019
2.0276405e+016  1.2289145e+019
2.0922115e+016  1.1750135e+019
2.1141246e+016  1.2061146e+019
1.5484439e+016  6.0416738e+018
1.5077929e+016  6.2483399e+018
3.3822262e+016  6.0594262e+018
2.3944861e+016  5.7303030e+018
2.4233232e+016  6.6188175e+018
2.2563709e+016  1.1003608e+019
2.9238215e+016  1.0940337e+019
3.5346683e+016  1.5382520e+019
3.3849408e+016  1.3803951e+019
2.2890636e+016  6.2277802e+018
2.3544092e+016  4.2773116e+018
2.1369520e+016  8.2349257e+018
2.0652020e+016  5.5763033e+018
2.9594670e+016  9.6231529e+018
2.8439308e+016  1.7754230e+019
2.5778699e+016  6.9336786e+018
2.0910538e+016  6.5129415e+018
3.0235930e+016  6.0493483e+018
2.0137738e+016  6.4497355e+018
1.9143831e+016  5.5651041e+018
2.8524289e+016  2.5902047e+018
2.1232791e+016  2.7442404e+018
1.9830001e+016  3.0314617e+018
2.1720650e+016  2.5628784e+018
2.7711580e+016  2.5410661e+018
1.8841510e+016  3.3657589e+018
2.8152598e+016  3.0122537e+018
2.5337910e+016  2.8955291e+018
3.2362482e+016  3.0416135e+018
2.1540238e+016  4.5734274e+018
3.4815956e+016  5.8342333e+018
2.5782635e+016  8.2507580e+018
1.3642327e+016  6.9840139e+018
2.2880913e+023  5.0583765e+026
2.8995476e+023  7.3099378e+026
2.7972355e+023  6.6018765e+026
2.7959200e+023  7.3515735e+026
2.3978467e+023  4.7424982e+026
1.9506646e+023  4.2712167e+026
1.5584390e+023  3.0061646e+026
1.4252062e+023  2.1081524e+026
1.4331439e+023  2.3875824e+026
1.5750594e+023  2.6545536e+026
1.4940757e+023  1.8616286e+026
1.4879451e+023  2.1815160e+026
1.4250565e+023  2.4570547e+026
1.5503974e+023  3.8023871e+026
1.4466551e+023  3.4252992e+026
1.3601345e+023  2.6530871e+026
1.3038699e+023  2.8688363e+026
1.3378910e+023  3.2537526e+026
1.3054537e+023  2.8017762e+026
1.1429569e+023  2.6343744e+026
1.0942584e+023  2.5046312e+026
9.8450270e+022  2.5356328e+026
9.2804555e+022  2.0074081e+026
8.4314895e+022  1.8165856e+026
8.2043437e+022  1.0242816e+026
8.9446553e+022  1.5271127e+026
7.8936360e+022  1.2421304e+026
8.9760800e+022  1.4068182e+026
9.8043992e+022  2.1862487e+026
9.0214738e+022  1.7849206e+026
8.9587365e+022  1.4745869e+026
8.2143264e+022  1.0870851e+026
7.4221368e+022  9.0563810e+025
7.4883934e+022  8.2018163e+025
7.0274030e+022  7.7904539e+025
7.8279966e+022  6.9804518e+025
7.0576352e+022  5.2960611e+025
6.8925301e+022  7.3494190e+025
6.7433374e+022  4.4635504e+025
7.8379399e+022  9.5061505e+025
7.1889273e+022  5.3431460e+025
8.1614731e+022  6.9066925e+025
7.8266916e+022  6.1338509e+025
7.6389217e+022  7.9890700e+025
7.7293436e+022  7.4729651e+025
7.3850412e+022  7.3109953e+025
6.6970032e+022  7.0985585e+025
7.0226973e+022  5.6497839e+025
7.0398215e+022  5.7697440e+025
6.6740366e+022  3.9700990e+025
6.7218867e+022  5.8696244e+025
6.5006171e+022  6.4575078e+025
6.5589619e+022  9.0499708e+025
6.4749883e+022  5.0459832e+025
6.1241084e+022  4.4519155e+025
6.3064119e+022  6.2213355e+025
6.1160528e+022  4.4562187e+025
5.7668590e+022  3.8802011e+025
5.7170965e+022  3.9745350e+025
5.4474786e+022  5.8532095e+025
5.7651647e+022  7.6614728e+025
5.7045391e+022  4.0621202e+025
5.7053795e+022  7.0579954e+025
5.2963580e+022  6.9263623e+025
6.2596944e+022  7.5072539e+025
5.6525797e+022  4.5423585e+025
4.7994057e+022  4.1590426e+025
6.5366405e+022  5.7841671e+025
6.9947867e+022  8.8123878e+025
6.8900534e+022  4.8114158e+025
5.8647089e+022  4.9651538e+025
6.1772683e+022  4.8227979e+025
5.6745081e+022  3.9582364e+025
5.5292055e+022  2.0281483e+025
6.7428375e+022  5.5792528e+025
5.9018170e+022  3.2032806e+025
6.0019034e+022  1.9801607e+025
6.7658192e+022  7.1617510e+025
8.1903474e+022  1.1761300e+026
7.5266070e+022  1.0052124e+026
7.7806535e+022  1.3540916e+026
8.6796144e+022  1.5227348e+026
8.5412670e+022  1.1023282e+026
8.2660151e+022  8.6980558e+025
8.0489395e+022  9.2721406e+025
9.4938695e+022  1.9551363e+026
9.7261095e+022  1.4926308e+026
9.0925206e+022  1.4470251e+026
9.9693351e+022  1.6604962e+026
1.1403490e+023  1.6281397e+026
1.1027145e+023  2.1209188e+026
1.2073500e+023  2.5112292e+026
1.1546501e+023  1.9453405e+026
1.1354174e+023  2.3614640e+026
1.2678870e+023  2.5901940e+026
1.3755428e+023  3.0864679e+026
1.2053135e+023  2.8137095e+026
1.0428891e+023  2.6531439e+026
1.1328695e+023  1.4759302e+026
1.1299914e+023  1.6080132e+026
1.1953246e+023  2.6403826e+026
1.2772020e+023  2.6345241e+026
1.4820473e+023  3.1392466e+026
1.3404358e+023  4.5732888e+026
1.2698084e+023  4.4362317e+026
1.2180892e+023  3.1511411e+026
1.4704744e+023  4.0006723e+026
1.5687095e+023  5.0374963e+026
1.5155985e+023  3.8941652e+026
1.4969636e+023  3.7492915e+026
1.2410198e+023  3.3469536e+026
1.5647759e+023  4.4842566e+026
1.6152520e+023  4.8235889e+026
1.4199470e+023  3.5875246e+026
1.4709404e+023  3.9563946e+026
1.5059530e+023  3.7243224e+026
1.6189365e+023  5.5776937e+026
1.3837342e+023  3.5173466e+026
1.4517564e+023  3.9474346e+026
1.4624358e+023  4.0777177e+026
1.3768290e+023  4.7125606e+026
1.5789058e+023  4.1826919e+026
1.6880809e+023  4.0241786e+026
1.5041772e+023  3.7755789e+026
1.2324675e+023  2.8508065e+026
1.7001311e+023  5.3813845e+026
1.4809236e+023  4.5300452e+026
